,Order Year,City,Country,Region,Segment,Ship Mode,State,Ship Year,Days to Ship,Product Name,Discount,Actual Discount,Profit,Quantity,Category,Sub-Category
1827,2014,412,1,0,0,1,64,2014,3,67,0.0,0.0,68,7,1,15
5702,2016,622,4,0,0,0,7,2016,5,1268,0.1,57.5,45,8,0,5
4386,2015,402,5,0,2,0,54,2015,5,1701,0.0,0.0,20,3,1,8
3443,2015,114,5,0,0,0,81,2015,5,1502,0.0,0.0,7,1,2,0
7128,2016,847,12,1,2,3,103,2016,3,219,0.5,11.0,-12,3,1,2
4793,2015,102,5,0,0,0,15,2015,7,224,0.1,13.5,34,3,1,2
3270,2014,202,4,0,1,0,59,2014,5,1492,0.0,0.0,13,2,1,12
2661,2014,236,14,1,0,3,41,2014,2,78,0.3,82.5,4,9,0,9
1638,2014,109,14,1,0,0,41,2014,5,1695,0.5,63.0,-41,6,1,15
4566,2015,669,9,1,1,0,82,2015,6,411,0.0,0.0,146,2,2,6
2198,2014,342,4,0,2,0,61,2014,7,573,0.0,0.0,99,4,0,9
3309,2014,82,14,1,2,0,41,2015,7,967,0.0,0.0,364,2,1,1
6959,2016,266,8,0,0,0,101,2016,6,1338,0.5,38.0,-54,3,2,11
3538,2015,102,5,0,2,0,15,2015,7,1765,0.1,5.0,13,2,1,3
2885,2014,278,14,1,1,0,41,2014,4,1406,0.3,24.9,2,5,0,9
2987,2014,526,14,1,1,0,41,2014,7,316,0.0,0.0,42,2,1,2
6454,2016,933,0,0,0,1,119,2016,5,1802,0.0,0.0,38,6,1,12
12,2013,358,7,2,0,0,63,2013,5,992,0.0,0.0,7,3,1,3
6002,2016,740,5,0,0,1,14,2016,3,678,0.0,0.0,922,9,2,0
1270,2013,662,5,0,2,0,56,2013,4,222,0.0,0.0,26,3,1,2
